27
5250 6422 8326 5898 9238 4248 4891 7429 8752 34 4396 9264 571 6727 8392 1615 1620 4695 1112 6748 9827 5349 486 5483 878 6517 7508
2
p x
5483
1
9238
41
9238 x 8326
5349 p 9827
4396 x 5898
6422 x 7429
4248 x 5349
5250 x 9238
8752 p 9264
7508 x 8752
1615 x 9827
4248 p 6517
6422 p 6748
571 x 7508
4891 p 6727
8752 x 6517
1620 p 4891
1615 p 7508
878 p 1620
6748 p 6727
4695 p 9238
1112 x 1615
9264 x 34
6727 p 8392
486 p 34
9827 p 1620
6748 x 6422
4695 x 4695
8392 x 34
6517 x 5349
5898 p 6727
7429 x 4396
1112 p 6748
7429 p 9827
6727 x 6422
5349 x 5349
486 x 9827
4396 p 6517
8392 p 34
6517 p 486
5483 x 6422
7508 p 4891
5250 p 5250

27
1024 2177 2434 515 9093 8832 2715 4890 4513 1830 1783 6067 3124 9783 5562 1339 4805 7754 7671 2777 8296 4713 5103 5362 8937 3582 7679
2
l o
1024
1
8832
41
3124 l 2777
5362 l 1783
5562 o 5103
8296 l 515
3582 o 8832
8832 l 2177
4805 l 8296
9093 o 515
4713 o 1339
5103 o 6067
3124 o 5562
8296 o 4805
4890 o 9783
1339 o 2715
1024 o 5562
7679 o 9093
5362 o 8296
4513 o 7754
2777 o 4713
9783 l 8296
515 o 4513
8937 o 2434
2715 o 8832
4513 l 1783
2177 o 3124
1339 l 5362
4805 o 9093
7671 o 8937
7679 l 8296
5562 l 4805
3582 l 1339
4713 l 7679
515 l 2777
2177 l 6067
7754 l 7671
1783 o 4805
6067 o 8832
2715 l 515
1830 l 3124
4890 l 7671
7671 l 7754
